TimRef,Ref,TimPeak,Peak,TimEnd,End,IEI,Amp,Area,Sample,Group
0.5518,-47.08,0.5558,-61.25,0.5636,-48.13,0,14.17,83.22,180313_s14,-70ctrl
3.76,-53.96,0.5558,-61.25,3.7762,-50.63,3.3068,7.29,41.55,180313_s14,-70ctrl
3.8606,-49.06,3.8626,-58.75,3.866,-45.63,0.8,9.69,20.25,180313_s14,-70ctrl
4.6588,-47.4,4.6626,-57.5,4.668,-45.63,1.4696,10.1,33.23,180313_s14,-70ctrl
6.1308,-46.41,6.1322,-61.41,6.1362,-45.78,0.4224,15,39.56,180313_s14,-70ctrl
6.5516,-48.02,6.5546,-55.31,6.5616,-47.03,1.476,7.29,42.56,180313_s14,-70ctrl
8.0292,-46.82,8.0306,-61.56,8.0388,-45.78,4.379,14.74,67.85,180313_s14,-70ctrl
12.406,-46.3,12.4096,-65.63,12.4192,-47.81,0.386,19.32,131.3,180313_s14,-70ctrl
12.7902,-47.66,12.7956,-55.16,12.8042,-44.53,2.0974,7.5,34.53,180313_s14,-70ctrl
14.89,-46.82,14.893,-66.09,14.9024,-48.75,5.7456,19.27,129.06,180313_s14,-70ctrl
20.6352,-46.41,20.6386,-94.69,20.648,-53.28,8.0472,48.28,326.56,180313_s14,-70ctrl
28.6816,-46.82,28.6858,-59.53,28.6926,-45.31,11.828,12.71,44.4,180313_s14,-70ctrl
40.5116,-44.9,40.5138,-55.94,40.5216,-44.84,0.3556,11.04,56.38,180313_s14,-70ctrl
40.8662,-45.47,40.8694,-56.88,40.8786,-46.09,2.9356,11.41,67.41,180313_s14,-70ctrl
43.8022,-46.77,43.805,-58.75,43.8118,-44.53,3.0902,11.98,30.52,180313_s14,-70ctrl
46.8938,-45.47,46.8952,-54.38,46.9012,-43.28,1.416,8.91,17.25,180313_s14,-70ctrl
48.309,-44.64,48.3112,-83.75,48.3226,-46.25,0.9934,39.11,238.03,180313_s14,-70ctrl
49.3022,-44.43,49.3046,-57.66,49.31,-44.38,0.79,13.23,43.3,180313_s14,-70ctrl
50.0894,-48.96,50.0946,-52.66,50.1018,-44.84,1.3682,3.7,5.78,180313_s14,-70ctrl
51.4562,-48.96,51.4628,-79.53,51.478,-54.53,4.5222,30.57,331.04,180313_s14,-70ctrl
55.983,-43.8,55.985,-102.66,55.9926,-49.38,0.3338,58.85,283.18,180313_s14,-70ctrl
56.3168,-44.74,56.3188,-83.13,56.3302,-47.03,2.6428,38.39,193.57,180313_s14,-70ctrl
58.9602,-43.8,58.9616,-75,58.9678,-45,0,31.2,110.75,180313_s14,-70ctrl
62.8004,-48.28,58.9616,-75,62.8158,-43.28,16.4904,26.72,0,180313_s14,-70ctrl
75.45,-46.61,75.452,-69.84,75.4606,-49.84,6.7122,23.23,154.59,180313_s14,-70ctrl
82.1622,-43.7,82.1642,-69.06,82.1758,-44.06,0,25.36,166.28,180313_s14,-70ctrl
83.8146,-43.75,82.1642,-69.06,83.8248,-41.72,3.195,25.31,39.47,180313_s14,-70ctrl
85.3566,-44.43,85.3592,-52.5,85.3662,-43.59,3.7144,8.07,36.4,180313_s14,-70ctrl
89.07,-45.57,89.0736,-51.88,89.0818,-42.19,0,6.3,34.09,180313_s14,-70ctrl
96.4676,-49.01,89.0736,-51.88,96.4798,-46.56,7.7788,2.86,41.21,180313_s14,-70ctrl
96.8472,-45.52,96.8524,-50.94,96.8592,-43.28,0,5.42,20.74,180313_s14,-70ctrl
198.5212,-41.04,198.5254,-47.34,198.5312,-40.31,0.2154,6.3,30.56,180313_s14,-70mid
198.7366,-41.56,198.7408,-54.38,198.7476,-42.03,0.495,12.81,77.97,180313_s14,-70mid
199.2332,-40.26,199.2358,-47.5,199.2396,-39.06,10.9826,7.24,25.31,180313_s14,-70mid
210.2152,-42.45,210.2184,-48.44,210.2262,-40.47,11.1178,5.99,31.18,180313_s14,-70mid
221.3322,-41.98,221.3362,-51.56,221.3458,-41.88,16.49,9.58,63.94,180313_s14,-70mid
237.8238,-40.89,237.8262,-48.75,237.839,-41.88,5.4332,7.86,70.3,180313_s14,-70mid
243.2566,-41.56,243.2594,-53.59,243.2718,-42.97,16.3736,12.03,113.34,180313_s14,-70mid
259.6312,-42.71,259.633,-56.72,259.6404,-40.63,4.0022,14.01,47.92,180313_s14,-70mid
263.6322,-40.31,263.6352,-52.5,263.6438,-43.28,32.2794,12.19,103.25,180313_s14,-70mid
295.9136,-44.32,295.9146,-58.28,295.92,-41.41,0,13.96,23.87,180313_s14,-70mid
314.9874,-2.34,314.9902,-45,315.0026,-11.25,30.3938,42.66,349.5,180313_s14,-40mid
345.3816,0.1,345.384,-8.44,345.397,-2.19,14.4552,8.54,109.31,180313_s14,-40mid
359.836,-2.55,359.8392,-9.84,359.8438,-0.78,11.0292,7.29,25.55,180313_s14,-40mid
370.866,-0.1,370.8684,-16.25,370.8724,0,1.4238,16.15,53.03,180313_s14,-40mid
372.287,-1.61,372.2922,-9.84,372.2956,-1.09,0,8.23,31.6,180313_s14,-40mid
512.8216,0.16,512.824,-6.25,512.829,2.81,0,6.41,19.78,180313_s14,-40post
521.9518,1.72,512.824,-6.25,521.966,-1.09,9.4022,7.97,130.28,180313_s14,-40post
522.225,-1.56,522.2262,-9.69,522.2318,0.63,38.635,8.13,26.41,180313_s14,-40post
560.8592,0.83,560.8612,-11.88,560.8694,3.75,0,12.71,51.2,180313_s14,-40post
577.9004,2.19,560.8612,-11.88,577.9086,2.19,19.3752,14.06,36.34,180313_s14,-40post
580.2338,1.35,580.2364,-16.72,580.2454,1.09,4.4216,18.07,95.48,180313_s14,-40post
584.6522,-0.31,584.658,-26.25,584.6688,-3.91,5.6982,25.94,210.88,180313_s14,-40post
590.3544,2.24,590.3562,-13.28,590.3644,2.34,0,15.52,58.88,180313_s14,-40post
594.907,-0.31,590.3562,-13.28,594.9156,3.13,7.5292,12.97,0,180313_s14,-40post
597.88,2.24,597.8854,-5.78,597.8926,2.34,0,8.02,59.6,180313_s14,-40post
609.6078,-38.18,609.613,-46.25,609.6246,-35.16,13.7938,8.07,45.4,180313_s14,-70post
623.4024,-38.33,623.4068,-47.34,623.4132,-35.31,0,9.01,41.33,180313_s14,-70post
688.787,-33.39,688.7902,-41.88,688.799,-34.06,0,8.49,56.85,180313_s14,-70post
689.9534,-33.28,689.9544,-47.81,689.955,-31.41,0,14.53,4.37,180313_s14,-70post
694.3648,-34.84,694.3704,-42.97,694.3818,-35.47,0.279,8.13,65.75,180313_s14,-70post
694.644,-44.32,694.6494,-47.19,694.6518,-38.28,0,2.86,3.23,180313_s14,-70post
694.6946,-43.13,694.6494,-47.19,694.7044,-38.44,0,4.06,6.84,180313_s14,-70post
