TimRef,Ref,TimPeak,Peak,TimEnd,End,IEI,Amp,Area,Sample,Group
4.7178,-32.02,4.72,-52.25,4.7246,-30.19,0.7008,20.23,55.98,220512_s13,-70ctrl
5.4188,-38.02,5.4208,-47.56,5.4278,-34.06,0.3888,9.54,35.07,220512_s13,-70ctrl
5.808,-36.65,5.8096,-55.5,5.8164,-38.38,0,18.85,86.07,220512_s13,-70ctrl
31.6992,-29.5,31.7018,-77.69,31.7094,-38.94,4.3342,48.19,268.75,220512_s13,-70ctrl
36.0324,-29.08,36.036,-47.5,36.0444,-32.06,1.5572,18.42,107.47,220512_s13,-70ctrl
37.5908,-28.63,37.5932,-55.19,37.602,-32.44,0,26.56,166.01,220512_s13,-70ctrl
41.6406,-32.06,41.6464,-45.88,41.6498,-32.13,1.4702,13.81,55.28,220512_s13,-70ctrl
43.115,-31.5,43.1166,-47.5,43.1274,-32.75,2.2134,16,90.79,220512_s13,-70ctrl
45.326,-33.06,45.33,-55.5,45.339,-37.94,0.4828,22.44,169.77,220512_s13,-70ctrl
45.8096,-34.42,45.8128,-82.75,45.8236,-50.31,0.2696,48.33,428.15,220512_s13,-70ctrl
46.0768,-33.83,46.0824,-85,46.091,-47.5,1.8018,51.17,435.41,220512_s13,-70ctrl
47.88,-31.17,47.8842,-54.38,47.8982,-34.38,0.5716,23.21,219.85,220512_s13,-70ctrl
48.4526,-37.9,48.4558,-90.25,48.4658,-50.94,0.9418,52.35,414.28,220512_s13,-70ctrl
49.3938,-36.48,49.3976,-53.63,49.4056,-37.06,0.059,17.15,99.45,220512_s13,-70ctrl
49.4522,-36.1,49.4566,-49.94,49.464,-36.31,0.4336,13.83,91.98,220512_s13,-70ctrl
49.8848,-32.21,49.8902,-69.06,49.9004,-47,0.075,36.85,402.92,220512_s13,-70ctrl
49.9624,-35,49.9652,-60.69,49.9732,-37.44,0.06,25.69,147.8,220512_s13,-70ctrl
50.0204,-32,50.0252,-52.44,50.0364,-36.94,0.054,20.44,195.66,220512_s13,-70ctrl
50.075,-37.19,50.0792,-69.88,50.0896,-48.44,0.0536,32.69,318.25,220512_s13,-70ctrl
50.1288,-33.48,50.1328,-60.44,50.1426,-41.13,0.048,26.96,225.5,220512_s13,-70ctrl
50.1768,-34.06,50.1808,-57.13,50.192,-43.19,0.0516,23.06,253.8,220512_s13,-70ctrl
50.2284,-36.31,50.2324,-62.19,50.2432,-42.44,0.0506,25.87,225.85,220512_s13,-70ctrl
50.2768,-37.21,50.283,-61.06,50.2906,-44.38,0.0594,23.85,216.31,220512_s13,-70ctrl
50.34,-44.46,50.3424,-59.75,50.3486,-43.88,3.6008,15.29,60.32,220512_s13,-70ctrl
53.9402,-33.79,53.9432,-49.31,53.9494,-36,2.4724,15.52,96.86,220512_s13,-70ctrl
56.4126,-34.79,56.4156,-60.31,56.4248,-41.5,0.9356,25.52,212.15,220512_s13,-70ctrl
57.3466,-36.56,57.3512,-59.63,57.3604,-41.19,1.3226,23.06,171.27,220512_s13,-70ctrl
58.6704,-37.21,58.6738,-48.94,58.6834,-37.25,0,11.73,72.67,220512_s13,-70ctrl
60.7252,-31.17,60.7274,-49.19,60.7344,-33.31,1.038,18.02,87.26,220512_s13,-70ctrl
61.7618,-37.85,61.7654,-58.13,61.7764,-39.31,1.5558,20.27,144.53,220512_s13,-70ctrl
63.3156,-33.31,63.3212,-72.25,63.3304,-46.25,1.2586,38.94,370.84,220512_s13,-70ctrl
64.5734,-37.44,64.5798,-58.56,64.587,-41.88,1.358,21.13,194.86,220512_s13,-70ctrl
65.9336,-35.06,65.9378,-78.19,65.9456,-51.81,0,43.13,379.73,220512_s13,-70ctrl
67.0268,-32.08,65.9378,-78.19,67.0386,-32.56,1.9948,46.1,89.06,220512_s13,-70ctrl
67.9298,-37.94,67.9326,-70.5,67.9418,-45.25,0.6866,32.56,243.93,220512_s13,-70ctrl
68.6156,-35.42,68.6192,-79.69,68.629,-46.31,1.7748,44.27,354.08,220512_s13,-70ctrl
70.3916,-34.85,70.394,-53.81,70.3984,-34.38,0.2158,18.96,58.43,220512_s13,-70ctrl
70.6054,-34.21,70.6098,-102.25,70.6192,-57.44,2.605,68.04,636.6,220512_s13,-70ctrl
73.2092,-35.38,73.2148,-93.25,73.223,-54.56,3.0802,57.88,524.81,220512_s13,-70ctrl
76.29,-34.19,76.295,-78.81,76.3036,-46.63,0,44.63,356.7,220512_s13,-70ctrl
80.7302,-40.4,80.7366,-65.31,80.7458,-45.5,7.2714,24.92,209.53,220512_s13,-70ctrl
88.0038,-34.48,88.008,-52.19,88.0146,-37.75,3.5282,17.71,107.83,220512_s13,-70ctrl
91.5328,-36.5,91.5362,-49.94,91.5472,-37.19,1.245,13.44,79.32,220512_s13,-70ctrl
92.7788,-34.31,92.7812,-49.44,92.7892,-34.81,4.798,15.13,74.81,220512_s13,-70ctrl
97.5768,-34.88,97.5792,-50.38,97.5888,-36,0,15.5,82.99,220512_s13,-70ctrl
105.2888,-42.77,105.2912,-62.56,105.3004,-44.69,4.84,19.79,122.44,220512_s13,-40ctrl
110.1292,-36.38,110.1312,-59.06,110.1398,-41.88,1.5708,22.69,139.89,220512_s13,-40ctrl
111.6994,-40.38,111.702,-68.88,111.7096,-45.88,4.0922,28.5,157.69,220512_s13,-40ctrl
115.7926,-38.06,115.7942,-54.94,115.8088,-36.25,0,16.88,115.14,220512_s13,-40ctrl
123.443,-33.9,115.7942,-54.94,123.4546,-33.06,7.6762,21.04,65.1,220512_s13,-40ctrl
123.4646,-37.25,123.4704,-57.44,123.4816,-40.19,5.4688,20.19,183.88,220512_s13,-40ctrl
128.9362,-27.15,128.9392,-48.19,128.9524,-36.19,17.4678,21.04,245.33,220512_s13,-40ctrl
146.4018,-20.69,146.407,-34.75,146.4128,-17.81,0,14.06,55.25,220512_s13,-40ctrl
480.5836,11.94,480.586,-3.56,480.5958,10.31,7.7868,15.5,89.49,220512_s13,-40post
488.3684,10.81,488.3728,-16.38,488.383,0.19,6.919,27.19,267.09,220512_s13,-40post
495.2886,13.17,495.2918,-2.81,495.3014,8.5,27.9488,15.98,141.93,220512_s13,-40post
523.2362,9.44,523.2406,-7.06,523.252,5.44,0,16.5,166.68,220512_s13,-40post
545.438,13.69,523.2406,-7.06,545.4492,12.44,0,20.75,98.39,220512_s13,-40post
551.1116,-24.85,551.1136,-41.44,551.1218,-26.94,11.5118,16.58,84.88,220512_s13,-70post
562.621,-24.42,562.6254,-36.19,562.6364,-23.44,3.4726,11.77,77.56,220512_s13,-70post
566.0962,-26.13,566.098,-40.5,566.106,-26.44,0.618,14.38,75.81,220512_s13,-70post
566.714,-24.73,566.716,-39.88,566.7218,-24.19,0,15.15,56.4,220512_s13,-70post
570.3906,-26.69,570.3952,-37.31,570.4024,-26.19,3.9482,10.63,44.59,220512_s13,-70post
574.3412,-24.38,574.3434,-41.25,574.3522,-26.06,0.7528,16.88,109.79,220512_s13,-70post
575.0902,-24.1,575.0962,-39.75,575.1048,-27.81,0,15.65,139.26,220512_s13,-70post
581.37,-23.5,575.0962,-39.75,581.3818,-25.31,11.5806,16.25,80.78,220512_s13,-70post
586.6722,-28.46,586.6768,-43.06,586.6898,-35.88,0,14.6,212.58,220512_s13,-70post
596.3066,-22.92,596.3088,-43.19,596.3168,-26,6.8882,20.27,99.23,220512_s13,-70post
603.195,-22.29,603.197,-34.38,603.207,-22.63,0.458,12.08,78.99,220512_s13,-70post
603.6526,-23.92,603.655,-47.94,603.662,-26.94,4.274,24.02,116.03,220512_s13,-70post
607.9252,-21.65,607.929,-37.94,607.9374,-25.31,0.7656,16.29,111.95,220512_s13,-70post
608.6892,-23.08,608.6946,-40.75,608.7018,-29.75,0,17.67,150.48,220512_s13,-70post
612.0382,-23.81,612.0418,-39.25,612.0482,-24.88,1.5526,15.44,97.93,220512_s13,-70post
613.591,-24.17,613.5944,-56,613.602,-34.06,9.439,31.83,235.22,220512_s13,-70post
623.0306,-20.67,623.0334,-32.19,623.0432,-21.75,0.138,11.52,67.27,220512_s13,-70post
623.1694,-22.33,623.1714,-36,623.181,-22.25,0,13.67,69.58,220512_s13,-70post
624.7874,-21.67,623.1714,-36,624.8012,-21.75,5.4222,14.33,89.83,220512_s13,-70post
628.5888,-21.44,628.5936,-37.94,628.6012,-23.94,0.086,16.5,113.19,220512_s13,-70post
628.676,-22.25,628.6796,-32.75,628.6836,-20.06,0,10.5,33.44,220512_s13,-70post
637.8964,-21.88,628.6796,-32.75,637.9066,-19.87,0,10.88,30.44,220512_s13,-70post
638.9502,-22.79,638.9532,-51.56,638.9634,-28.56,0,28.77,214.45,220512_s13,-70post
651.6174,-21.67,651.6222,-37.25,651.6302,-25.25,0.1936,15.58,119.78,220512_s13,-70post
651.8116,-21,651.8158,-43.81,651.8254,-26.75,2.6074,22.81,182.29,220512_s13,-70post
654.4204,-21.67,654.4232,-38.56,654.4312,-21.44,2.6052,16.9,84.77,220512_s13,-70post
657.0258,-23.58,657.0284,-33.94,657.0364,-21.63,5.7444,10.35,29.48,220512_s13,-70post
662.77,-19.02,662.7728,-35.5,662.783,-21.94,2.2966,16.48,111.3,220512_s13,-70post
665.0654,-23.06,665.0694,-35.19,665.0826,-27.38,0,12.13,154.25,220512_s13,-70post
676.784,-22.04,676.789,-40.81,676.798,-26.37,0.3292,18.77,137.55,220512_s13,-70post
677.116,-25.19,677.1182,-53.38,677.1258,-28.88,0,28.19,152.57,220512_s13,-70post
677.5246,-21.85,677.1182,-53.38,677.5374,-23.31,2.8036,31.52,91.88,220512_s13,-70post
679.9166,-23.52,679.9218,-30.38,679.9258,-20.5,0.0884,6.85,8.8,220512_s13,-70post
680.0076,-21.92,680.0102,-44.81,680.02,-25,2.0628,22.9,135.34,220512_s13,-70post
682.0708,-22.27,682.073,-35.69,682.0828,-21.75,0,13.42,75.87,220512_s13,-70post
693.213,-20.58,693.2154,-36.63,693.2228,-22.37,1.6926,16.04,80.3,220512_s13,-70post
694.9042,-27.19,694.908,-41.06,694.9212,-29.75,6.2602,13.88,150.15,220512_s13,-70post
701.1662,-23.06,701.1682,-45.81,701.175,-24.81,0.9268,22.75,93.13,220512_s13,-70post
702.0906,-20.21,702.095,-33.13,702.1026,-20.88,0,12.92,78.62,220512_s13,-70post
712.74,-22.42,712.7458,-44,712.7542,-29.19,2.33,21.58,189.91,220512_s13,-70post
715.0736,-24.1,715.0758,-39.38,715.0862,-25.31,0,15.27,99.07,220512_s13,-70post
718.4208,-22.4,715.0758,-39.38,718.4294,-22.13,5.0386,16.98,41.4,220512_s13,-70post
720.11,-23.83,720.1144,-38.31,720.1248,-26.13,7.1114,14.48,118.83,220512_s13,-70post
727.222,-23.65,727.2258,-71.06,727.2348,-37.75,0.4562,47.42,363.14,220512_s13,-70post
727.68,-23.71,727.682,-48.19,727.6922,-30.31,0,24.48,177.33,220512_s13,-70post
732.5866,-24.75,732.589,-36.75,732.5964,-23.75,6.6432,12,60.33,220512_s13,-70post
739.228,-27.04,739.2322,-40.31,739.2396,-27.75,0.822,13.27,85.07,220512_s13,-70post
740.0502,-26.19,740.0542,-34.13,740.0598,-23,1.7394,7.94,21.23,220512_s13,-70post
741.789,-23.21,741.7936,-41.75,741.7996,-25.63,0,18.54,110.79,220512_s13,-70post
751.3818,-27.48,741.7936,-41.75,751.3978,-30.19,0,14.27,145.79,220512_s13,-70post
754.2002,-27.73,741.7936,-41.75,754.2116,-30.94,0,14.02,101.85,220512_s13,-70post
764.9314,-22.96,741.7936,-41.75,764.9418,-23.38,0,18.79,63.74,220512_s13,-70post
767.9228,-21.38,767.9242,-52.13,767.9312,-26.81,0,30.75,133.3,220512_s13,-70post
770.193,-22.94,770.1942,-41.56,770.2032,-25.31,0,18.63,88.24,220512_s13,-70post
775.0668,-21.73,770.1942,-41.56,775.0764,-21.12,9.1626,19.83,42.1,220512_s13,-70post
779.3522,-24.21,779.3568,-49.06,779.3652,-31.12,1.1518,24.85,192.24,220512_s13,-70post
780.5066,-21.73,780.5086,-46,780.5176,-23.75,0.1678,24.27,114.68,220512_s13,-70post
780.671,-28.77,780.6764,-40.19,780.687,-30.25,2.0848,11.42,114.26,220512_s13,-70post
782.756,-26.52,782.7612,-36.25,782.7668,-27,3.6308,9.73,51.88,220512_s13,-70post
786.3874,-33.29,786.392,-42.75,786.4028,-29.44,1.828,9.46,44.64,220512_s13,-70post
788.2156,-28.83,788.22,-38.94,788.227,-27.31,0,10.1,44.16,220512_s13,-70post
790.0812,-26,790.0842,-47.63,790.0946,-31.94,3.686,21.63,181.16,220512_s13,-70post
793.7662,-26.56,793.7702,-46.19,793.7786,-32.19,2.3516,19.62,151.32,220512_s13,-70post
796.1198,-24.85,796.1218,-55.5,796.1306,-29.13,5.2158,30.65,154.25,220512_s13,-70post
801.3346,-26.04,801.3376,-37.94,801.3472,-29.25,3.8892,11.9,116.08,220512_s13,-70post
805.225,-28.67,805.2268,-98.38,805.235,-43.06,0.2936,69.71,363.71,220512_s13,-70post
805.5156,-26.48,805.5204,-52.81,805.5298,-36.06,0.2878,26.33,250.19,220512_s13,-70post
805.8056,-23.38,805.8082,-42.75,805.8172,-24.75,0,19.38,102.2,220512_s13,-70post
816.3408,-25.4,816.3462,-35.94,816.352,-25.31,0.777,10.54,55.94,220512_s13,-70post
817.1182,-21.88,817.1232,-38.5,817.1308,-26.13,0.199,16.62,141.75,220512_s13,-70post
817.32,-23.04,817.3222,-50.06,817.3304,-23.13,0.9456,27.02,129.72,220512_s13,-70post
818.265,-24.46,818.2678,-36.63,818.2778,-25.31,6.1158,12.17,70.43,220512_s13,-70post
824.3816,-21.9,824.3836,-38.81,824.3882,-24.25,4.0886,16.92,71.63,220512_s13,-70post
828.4694,-24.6,828.4722,-45.06,828.4806,-27.25,0,20.46,114.29,220512_s13,-70post
829.1116,-20.85,828.4722,-45.06,829.1178,-21.44,0,24.21,10.18,220512_s13,-70post
830.582,-22.25,830.5866,-38.38,830.599,-26.5,2.2468,16.12,183.68,220512_s13,-70post
832.83,-24.21,832.8334,-38.69,832.8434,-26.69,5.0358,14.48,115.29,220512_s13,-70post
837.864,-27.81,837.8692,-40.44,837.88,-30.62,0,12.63,136.7,220512_s13,-70post
840.6364,-31.21,837.8692,-40.44,840.6454,-24.94,5.4222,9.23,0,220512_s13,-70post
843.289,-24.83,843.2914,-36.5,843.2976,-24.25,3.9458,11.67,52.4,220512_s13,-70post
847.2332,-23.81,847.2372,-37.38,847.2494,-27.19,0,13.56,127.53,220512_s13,-70post
